header: 
  seq: 35277
  stamp: 
    secs: 1614718969
    nsecs:  52196608
  frame_id: "laser"
angle_min: -2.35619449615
angle_max: 2.35619449615
angle_increment: 0.00436332309619
time_increment: 1.73611151695e-05
scan_time: 0.0250000003725
range_min: 0.019999999553
range_max: 30.0
ranges: [1.0130000114440918, 1.0219999551773071, 1.0260000228881836, 1.0269999504089355, 1.034000039100647, 1.031999945640564, 1.024999976158142, 1.0180000066757202, 1.0130000114440918, 1.003999948501587, 0.9829999804496765, 0.9810000061988831, 0.6259999871253967, 65.53299713134766, 1.034000039100647, 1.034000039100647, 1.0570000410079956, 1.0570000410079956, 1.0609999895095825, 1.0809999704360962, 1.1269999742507935, 1.1039999723434448, 1.1119999885559082, 1.1150000095367432, 1.1369999647140503, 1.1399999856948853, 1.1469999551773071, 1.156000018119812, 1.1610000133514404, 1.1649999618530273, 1.1740000247955322, 1.1759999990463257, 1.1820000410079956, 1.184000015258789, 1.187000036239624, 1.1979999542236328, 1.2029999494552612, 1.2109999656677246, 1.218000054359436, 1.2300000190734863, 1.2359999418258667, 1.246000051498413, 1.253999948501587, 1.2599999904632568, 1.2710000276565552, 1.2730000019073486, 1.2899999618530273, 1.2899999618530273, 1.284999966621399, 1.2769999504089355, 1.1759999990463257, 1.0499999523162842, 1.0390000343322754, 1.0490000247955322, 1.0440000295639038, 1.0470000505447388, 1.0420000553131104, 1.0360000133514404, 1.0360000133514404, 1.034999966621399, 1.0420000553131104, 1.0529999732971191, 1.0579999685287476, 1.0460000038146973, 1.0509999990463257, 1.0360000133514404, 1.0290000438690186, 1.0230000019073486, 1.0199999809265137, 1.0199999809265137, 1.0269999504089355, 1.0199999809265137, 1.0199999809265137, 1.0160000324249268, 1.0140000581741333, 1.0140000581741333, 1.0140000581741333, 1.0099999904632568, 1.0069999694824219, 1.0019999742507935, 0.9990000128746033, 0.9959999918937683, 1.0, 0.9950000047683716, 0.9810000061988831, 0.9700000286102295, 0.9769999980926514, 0.9620000123977661, 0.9589999914169312, 0.9589999914169312, 0.9509999752044678, 0.9470000267028809, 0.878000020980835, 0.8199999928474426, 0.6990000009536743, 0.2680000066757202, 65.53299713134766, 65.53299713134766, 0.5440000295639038, 0.7940000295639038, 0.8820000290870667, 0.9330000281333923, 0.9430000185966492, 0.9589999914169312, 0.9520000219345093, 0.9509999752044678, 0.9449999928474426, 0.9449999928474426, 0.9409999847412109, 0.9430000185966492, 0.9449999928474426, 0.9449999928474426, 0.9330000281333923, 0.9319999814033508, 0.9210000038146973, 0.9210000038146973, 0.9229999780654907, 0.9300000071525574, 0.9259999990463257, 0.9309999942779541, 0.925000011920929, 0.9259999990463257, 0.9150000214576721, 0.921999990940094, 0.925000011920929, 0.925000011920929, 0.925000011920929, 0.9190000295639038, 0.9039999842643738, 0.8019999861717224, 0.8019999861717224, 0.5529999732971191, 0.5730000138282776, 0.7599999904632568, 0.8659999966621399, 0.8830000162124634, 0.9079999923706055, 0.8960000276565552, 0.9010000228881836, 0.9049999713897705, 0.906000018119812, 0.9049999713897705, 0.9039999842643738, 0.8960000276565552, 0.8920000195503235, 0.8730000257492065, 0.8489999771118164, 0.8790000081062317, 0.8479999899864197, 0.8799999952316284, 2.882999897003174, 2.881999969482422, 2.8610000610351562, 2.864000082015991, 2.874000072479248, 2.867000102996826, 1.218999981880188, 1.2410000562667847, 1.2380000352859497, 1.225000023841858, 1.2109999656677246, 1.218999981880188, 1.2269999980926514, 1.246999979019165, 2.828000068664551, 2.828000068664551, 1.2910000085830688, 1.2910000085830688, 1.2910000085830688, 65.53299713134766, 65.53299713134766, 65.53299713134766, 65.53299713134766, 65.53299713134766, 2.640000104904175, 2.6700000762939453, 2.690000057220459, 2.819000005722046, 3.24399995803833, 3.444999933242798, 3.4679999351501465, 4.631999969482422, 4.6570000648498535, 4.682000160217285, 1.1640000343322754, 1.1319999694824219, 1.1360000371932983, 1.1360000371932983, 1.1619999408721924, 1.1619999408721924, 1.1519999504089355, 4.666999816894531, 4.670000076293945, 4.664999961853027, 4.673999786376953, 4.678999900817871, 4.684000015258789, 4.688000202178955, 4.686999797821045, 4.683000087738037, 4.692999839782715, 4.683000087738037, 4.703000068664551, 4.697999954223633, 4.693999767303467, 4.697000026702881, 4.702000141143799, 1.1990000009536743, 1.1369999647140503, 1.121999979019165, 1.1109999418258667, 1.1130000352859497, 1.11899995803833, 1.1160000562667847, 1.100000023841858, 1.11899995803833, 1.1119999885559082, 1.0440000295639038, 4.679999828338623, 4.677000045776367, 4.683000087738037, 4.685999870300293, 4.544000148773193, 4.191999912261963, 4.210999965667725, 4.2270002365112305, 2.931999921798706, 2.6070001125335693, 2.50600004196167, 2.4649999141693115, 2.447999954223633, 2.4170000553131104, 2.3959999084472656, 2.365999937057495, 2.3389999866485596, 2.305000066757202, 2.2809998989105225, 2.259000062942505, 2.2360000610351562, 2.2239999771118164, 2.2049999237060547, 2.197000026702881, 2.193000078201294, 2.186000108718872, 2.186000108718872, 2.187000036239624, 2.177000045776367, 2.068000078201294, 1.8300000429153442, 1.7630000114440918, 1.7359999418258667, 1.7519999742507935, 1.7389999628067017, 1.7400000095367432, 1.7070000171661377, 1.6929999589920044, 1.684999942779541, 1.6619999408721924, 1.6579999923706055, 1.6549999713897705, 1.6549999713897705, 1.6549999713897705, 1.6540000438690186, 1.625, 1.5820000171661377, 1.5520000457763672, 1.5369999408721924, 1.527999997138977, 1.524999976158142, 1.524999976158142, 1.524999976158142, 1.5219999551773071, 1.5210000276565552, 1.5180000066757202, 1.5180000066757202, 1.5240000486373901, 1.5199999809265137, 1.5160000324249268, 1.5169999599456787, 1.524999976158142, 1.5269999504089355, 1.531000018119812, 1.534999966621399, 1.5449999570846558, 1.5529999732971191, 1.5729999542236328, 1.61899995803833, 1.6710000038146973, 1.7200000286102295, 5.098999977111816, 5.118000030517578, 5.127999782562256, 5.138999938964844, 5.165999889373779, 5.165999889373779, 5.165999889373779, 5.176000118255615, 5.195000171661377, 5.205999851226807, 5.205999851226807, 5.210999965667725, 5.2220001220703125, 5.192999839782715, 4.994999885559082, 4.874000072479248, 65.53299713134766, 65.53299713134766, 65.53299713134766, 65.53299713134766, 5.340000152587891, 5.3460001945495605, 5.359000205993652, 5.368000030517578, 5.392000198364258, 5.427000045776367, 5.434999942779541, 5.428999900817871, 5.442999839782715, 5.35699987411499, 5.35699987411499, 5.324999809265137, 5.293000221252441, 5.236999988555908, 5.228000164031982, 5.234000205993652, 5.192999839782715, 5.1479997634887695, 5.083000183105469, 5.070000171661377, 5.038000106811523, 5.019999980926514, 4.986000061035156, 4.9710001945495605, 4.98799991607666, 5.002999782562256, 5.02400016784668, 5.051000118255615, 5.063000202178955, 5.084000110626221, 5.0980000495910645, 5.11299991607666, 5.145999908447266, 5.1570000648498535, 5.164999961853027, 5.185999870300293, 5.203999996185303, 5.234000205993652, 5.255000114440918, 5.271999835968018, 5.289000034332275, 5.307000160217285, 5.330999851226807, 5.355000019073486, 5.380000114440918, 5.425000190734863, 5.453000068664551, 5.493000030517578, 5.506999969482422, 5.5269999504089355, 5.541999816894531, 5.576000213623047, 5.577000141143799, 5.605000019073486, 5.623000144958496, 5.6479997634887695, 5.689000129699707, 5.708000183105469, 5.728000164031982, 5.728000164031982, 5.763999938964844, 5.7820000648498535, 5.804999828338623, 5.849999904632568, 5.8979997634887695, 6.01800012588501, 6.14900016784668, 6.543000221252441, 6.5320000648498535, 6.5229997634887695, 6.492000102996826, 6.474999904632568, 6.456999778747559, 6.427999973297119, 6.4039998054504395, 6.36299991607666, 6.335999965667725, 6.314000129699707, 6.315999984741211, 6.328999996185303, 6.34499979019165, 6.386000156402588, 6.413000106811523, 6.461999893188477, 6.499000072479248, 6.506999969482422, 6.544000148773193, 6.572999954223633, 6.611999988555908, 6.756999969482422, 6.919000148773193, 7.554999828338623, 7.585000038146973, 65.53299713134766, 65.53299713134766, 65.53299713134766, 65.53299713134766, 65.53299713134766, 65.53299713134766, 65.53299713134766, 7.909999847412109, 7.880000114440918, 7.909999847412109, 65.53299713134766, 65.53299713134766, 7.840000152587891, 7.841000080108643, 7.8420000076293945, 7.8379998207092285, 65.53299713134766, 65.53299713134766, 7.742000102996826, 7.742000102996826, 7.750999927520752, 7.750999927520752, 7.7820000648498535, 7.765999794006348, 7.744999885559082, 7.734000205993652, 7.716000080108643, 7.7179999351501465, 65.53299713134766, 65.53299713134766, 65.53299713134766, 65.53299713134766, 65.53299713134766, 65.53299713134766, 65.53299713134766, 65.53299713134766, 7.484000205993652, 7.484000205993652, 7.4670000076293945, 7.460000038146973, 7.434000015258789, 7.421000003814697, 5.961999893188477, 5.952000141143799, 5.814000129699707, 5.775000095367432, 5.763999938964844, 5.748000144958496, 5.736999988555908, 5.7179999351501465, 5.7179999351501465, 5.688000202178955, 5.676000118255615, 5.663000106811523, 5.659999847412109, 5.633999824523926, 5.631999969482422, 5.635000228881836, 5.631999969482422, 5.610000133514404, 5.604000091552734, 5.589000225067139, 5.581999778747559, 5.577000141143799, 5.560999870300293, 5.551000118255615, 5.548999786376953, 5.535999774932861, 5.519999980926514, 5.006999969482422, 4.635000228881836, 4.468999862670898, 4.327000141143799, 4.2820000648498535, 4.269999980926514, 4.252999782562256, 4.236000061035156, 4.234000205993652, 4.228000164031982, 4.236999988555908, 4.236000061035156, 4.236000061035156, 4.236000061035156, 4.245999813079834, 4.258999824523926, 4.269999980926514, 4.2769999504089355, 4.302000045776367, 4.40500020980835, 4.525000095367432, 4.684000015258789, 5.355000019073486, 5.35699987411499, 5.355000019073486, 5.35099983215332, 5.3460001945495605, 5.3379998207092285, 5.335000038146973, 5.326000213623047, 5.306000232696533, 5.263000011444092, 5.168000221252441, 5.057000160217285, 4.959000110626221, 4.840000152587891, 4.814000129699707, 4.816999912261963, 5.059999942779541, 5.091000080108643, 5.1529998779296875, 5.238999843597412, 5.250999927520752, 5.271999835968018, 5.251999855041504, 5.25, 5.249000072479248, 5.247000217437744, 5.248000144958496, 5.248000144958496, 5.24399995803833, 5.236999988555908, 5.230000019073486, 5.228000164031982, 5.2220001220703125, 5.2179999351501465, 5.215000152587891, 5.215000152587891, 5.209000110626221, 5.209000110626221, 5.198999881744385, 5.205999851226807, 5.197000026702881, 5.197000026702881, 5.201000213623047, 5.198999881744385, 5.192999839782715, 5.190999984741211, 5.185999870300293, 5.186999797821045, 5.189000129699707, 5.184999942779541, 5.182000160217285, 5.184000015258789, 5.184000015258789, 5.186999797821045, 5.184000015258789, 5.184000015258789, 5.168000221252441, 5.171999931335449, 5.138000011444092, 5.145999908447266, 5.139999866485596, 5.177000045776367, 5.183000087738037, 5.192999839782715, 5.188000202178955, 5.184000015258789, 5.184000015258789, 5.189000129699707, 5.188000202178955, 5.188000202178955, 5.160999774932861, 5.072000026702881, 4.9029998779296875, 4.8520002365112305, 4.841000080108643, 4.840000152587891, 4.840000152587891, 4.835999965667725, 4.839000225067139, 4.8379998207092285, 4.841000080108643, 4.839000225067139, 4.830999851226807, 4.830999851226807, 4.834000110626221, 4.834000110626221, 4.834000110626221, 4.822999954223633, 4.826000213623047, 4.828999996185303, 4.835000038146973, 4.835000038146973, 4.840000152587891, 4.835000038146973, 4.836999893188477, 4.841000080108643, 4.841000080108643, 4.857999801635742, 4.906000137329102, 4.908999919891357, 4.908999919891357, 4.190000057220459, 4.120999813079834, 4.080999851226807, 4.065999984741211, 4.060999870300293, 0.3790000081062317, 0.41100001335144043, 0.3930000066757202, 0.3889999985694885, 0.3959999978542328, 0.3889999985694885, 0.3889999985694885, 0.3869999945163727, 0.38600000739097595, 0.38600000739097595, 0.3840000033378601, 0.37299999594688416, 0.3619999885559082, 0.36000001430511475, 0.36000001430511475, 0.3630000054836273, 0.36500000953674316, 0.3610000014305115, 0.3569999933242798, 0.3580000102519989, 0.3610000014305115, 0.3580000102519989, 0.3580000102519989, 0.3540000021457672, 0.35600000619888306, 0.3540000021457672, 0.35199999809265137, 0.35499998927116394, 0.3569999933242798, 0.3580000102519989, 0.3569999933242798, 0.3569999933242798, 0.3569999933242798, 0.3540000021457672, 0.3529999852180481, 0.3540000021457672, 0.3569999933242798, 0.3610000014305115, 0.35899999737739563, 0.3580000102519989, 0.35600000619888306, 0.36000001430511475, 0.36800000071525574, 0.3700000047683716, 0.37700000405311584, 0.3880000114440918, 0.3919999897480011, 0.4390000104904175, 0.4309999942779541, 0.4429999887943268, 0.4410000145435333, 0.4410000145435333, 0.4269999861717224, 0.421999990940094, 0.42399999499320984, 0.4309999942779541, 0.4309999942779541, 0.42899999022483826, 0.4180000126361847, 0.41100001335144043, 0.41100001335144043, 0.40700000524520874, 0.4090000092983246, 0.4059999883174896, 0.40400001406669617, 0.3970000147819519, 0.3930000066757202, 0.3919999897480011, 0.3919999897480011, 0.3889999985694885, 0.38600000739097595, 0.3869999945163727, 0.3840000033378601, 0.38199999928474426, 0.37700000405311584, 0.3880000114440918, 0.3880000114440918, 0.38600000739097595, 0.38499999046325684, 0.382999986410141, 0.382999986410141, 0.3779999911785126, 0.382999986410141, 0.37400001287460327, 0.375, 0.3779999911785126, 0.38600000739097595, 0.382999986410141, 0.37400001287460327, 0.37299999594688416, 0.3709999918937683, 0.37400001287460327, 0.37400001287460327, 0.37400001287460327, 0.3700000047683716, 0.37299999594688416, 0.37299999594688416, 0.375, 0.36800000071525574, 0.367000013589859, 0.375, 0.375, 0.3700000047683716, 0.3700000047683716, 0.3709999918937683, 0.37400001287460327, 0.37599998712539673, 0.37599998712539673, 0.38100001215934753, 0.382999986410141, 0.38100001215934753, 0.3779999911785126, 0.37599998712539673, 0.37599998712539673, 0.3779999911785126, 0.37599998712539673, 0.37599998712539673, 0.3779999911785126, 0.3799999952316284, 0.38100001215934753, 0.382999986410141, 0.3799999952316284, 0.3790000081062317, 0.3799999952316284, 0.38499999046325684, 0.3869999945163727, 0.38499999046325684, 0.38499999046325684, 0.3880000114440918, 0.3889999985694885, 0.38499999046325684, 0.38100001215934753, 0.38199999928474426, 0.3869999945163727, 0.39100000262260437, 0.3919999897480011, 0.39100000262260437, 0.3970000147819519, 0.3970000147819519, 0.39899998903274536, 0.39500001072883606, 0.39800000190734863, 0.4129999876022339, 0.40799999237060547, 0.40400001406669617, 0.41200000047683716, 0.4189999997615814, 0.41999998688697815, 0.41999998688697815, 0.421999990940094, 0.4259999990463257, 0.42899999022483826, 0.4309999942779541, 0.4410000145435333, 0.4410000145435333, 0.4440000057220459, 0.44999998807907104, 0.45899999141693115, 0.4620000123977661, 0.46000000834465027, 0.453000009059906, 0.4569999873638153, 0.4569999873638153, 0.4580000042915344, 0.45899999141693115, 0.45899999141693115, 0.460999995470047, 0.46399998664855957, 0.46399998664855957, 0.46299999952316284, 0.4659999907016754, 0.4959999918937683, 0.5400000214576721, 0.6029999852180481, 0.6119999885559082, 0.6190000176429749, 0.6190000176429749, 0.6230000257492065, 0.6240000128746033, 0.6240000128746033, 0.6309999823570251, 0.6389999985694885, 0.6330000162124634, 0.6320000290870667, 0.6340000033378601, 0.6399999856948853, 6.21999979019165, 6.2170000076293945, 6.236999988555908, 6.25600004196167, 6.244999885559082, 6.235000133514404, 6.218999862670898, 6.201000213623047, 6.181000232696533, 6.165999889373779, 6.164000034332275, 6.158999919891357, 6.126999855041504, 6.122000217437744, 6.111999988555908, 6.0960001945495605, 6.085999965667725, 6.085000038146973, 6.034999847412109, 6.019000053405762, 6.026000022888184, 6.0370001792907715, 6.056000232696533, 8.720000267028809, 8.711999893188477, 8.675999641418457, 8.668000221252441, 8.645999908447266, 8.62399959564209, 8.605999946594238, 8.586999893188477, 8.574000358581543, 8.574000358581543, 8.548999786376953, 65.53299713134766, 65.53299713134766, 65.53299713134766, 65.53299713134766, 65.53299713134766, 65.53299713134766, 65.53299713134766, 4.65500020980835, 4.65500020980835, 4.659999847412109, 4.676000118255615, 4.744999885559082, 4.868000030517578, 5.03000020980835, 5.01800012588501, 5.033999919891357, 5.169000148773193, 5.260000228881836, 5.354000091552734, 5.46999979019165, 5.491000175476074, 5.593999862670898, 5.5960001945495605, 5.604000091552734, 5.598999977111816, 5.620999813079834, 5.611000061035156, 5.60099983215332, 5.5980000495910645, 5.585999965667725, 5.583000183105469, 5.574999809265137, 5.567999839782715, 5.561999797821045, 5.553999900817871, 5.547999858856201, 5.544000148773193, 5.539000034332275, 5.535999774932861, 5.5279998779296875, 5.519999980926514, 5.511000156402588, 5.500999927520752, 5.499000072479248, 5.497000217437744, 5.480999946594238, 5.322000026702881, 4.998000144958496, 4.986000061035156, 4.993000030517578, 4.993000030517578, 5.078000068664551, 5.366000175476074, 5.366000175476074, 5.136000156402588, 5.105999946594238, 5.0980000495910645, 5.093999862670898, 5.090000152587891, 5.078000068664551, 5.072999954223633, 5.072000026702881, 5.068999767303467, 5.060999870300293, 5.013000011444092, 5.00600004196167, 5.004000186920166, 4.994999885559082, 4.992000102996826, 4.995999813079834, 4.994999885559082, 4.99399995803833, 4.98199987411499, 4.979000091552734, 4.974999904632568, 4.974999904632568, 4.974999904632568, 4.96999979019165, 4.96999979019165, 4.9670000076293945, 4.9629998207092285, 4.960000038146973, 4.966000080108643, 4.9770002365112305, 4.9670000076293945, 4.860000133514404, 4.849999904632568, 4.85699987411499, 4.849999904632568, 4.8520002365112305, 4.8470001220703125, 4.85699987411499, 4.853000164031982, 4.848999977111816, 4.848999977111816, 4.8470001220703125, 4.857999801635742, 4.859000205993652, 4.857999801635742, 4.864999771118164, 4.873000144958496, 4.866000175476074, 4.86899995803833, 4.869999885559082, 4.870999813079834, 4.874000072479248, 4.874000072479248, 4.86899995803833, 4.864999771118164, 4.864999771118164, 4.869999885559082, 4.867000102996826, 4.872000217437744, 4.88100004196167, 4.890999794006348, 4.883999824523926, 4.883999824523926, 4.879000186920166, 4.881999969482422, 4.894000053405762, 4.9019999504089355, 4.896999835968018, 4.9039998054504395, 4.906000137329102, 4.9079999923706055, 4.909999847412109, 4.9120001792907715, 4.953000068664551, 5.074999809265137, 5.304999828338623, 5.291999816894531, 5.310999870300293, 0.9089999794960022, 0.9179999828338623, 0.9440000057220459, 0.9490000009536743, 0.9490000009536743, 0.9409999847412109, 0.9380000233650208, 0.9470000267028809, 0.9509999752044678, 0.9509999752044678, 0.9559999704360962, 0.9570000171661377, 0.9539999961853027, 0.9430000185966492, 0.9520000219345093, 0.8510000109672546, 0.7059999704360962, 0.6740000247955322, 0.7760000228881836, 0.925000011920929, 0.968999981880188, 0.9710000157356262, 0.972000002861023, 0.9769999980926514, 0.9729999899864197, 0.972000002861023, 0.9760000109672546, 0.9670000076293945, 0.972000002861023, 0.9649999737739563, 0.9629999995231628, 0.9810000061988831, 0.9810000061988831, 0.9909999966621399, 0.9819999933242798, 0.9819999933242798, 0.9810000061988831, 0.9850000143051147, 0.9980000257492065, 0.9990000128746033, 1.003000020980835, 1.003000020980835, 1.0019999742507935, 1.0010000467300415, 1.0160000324249268, 1.00600004196167, 1.0180000066757202, 1.0089999437332153, 1.0089999437332153, 1.0110000371932983, 1.0119999647140503, 1.0290000438690186, 1.0219999551773071, 1.0199999809265137, 1.0180000066757202, 1.0180000066757202, 1.0180000066757202, 1.0199999809265137, 1.0240000486373901, 1.0260000228881836, 1.0160000324249268, 1.0290000438690186, 1.0290000438690186, 1.031999945640564, 1.0299999713897705, 1.0230000019073486, 1.0219999551773071, 0.9919999837875366, 0.9929999709129333, 1.0369999408721924, 1.0369999408721924, 1.0490000247955322, 1.0490000247955322, 1.0529999732971191, 1.0609999895095825, 1.062000036239624, 1.0709999799728394, 1.062999963760376, 1.062999963760376, 1.0700000524520874, 1.0859999656677246, 1.0820000171661377, 1.0980000495910645, 1.1030000448226929, 1.0789999961853027, 1.0829999446868896, 1.0750000476837158, 1.0750000476837158, 1.0779999494552612, 1.0850000381469727, 1.0839999914169312, 1.0889999866485596, 1.11899995803833, 1.128999948501587, 1.159999966621399, 1.159000039100647, 1.1619999408721924, 1.1670000553131104, 1.1749999523162842, 1.1759999990463257, 1.1759999990463257, 1.1799999475479126, 1.184000015258789, 1.184000015258789, 1.1920000314712524, 1.1950000524520874, 1.1950000524520874, 1.2029999494552612, 1.2059999704360962, 1.2079999446868896, 1.2170000076293945, 1.2209999561309814, 1.218000054359436, 1.2130000591278076, 1.2170000076293945, 1.2170000076293945, 1.2100000381469727, 1.2079999446868896, 1.2020000219345093, 1.194000005722046, 1.190999984741211, 1.184000015258789, 1.1720000505447388, 1.1619999408721924, 1.1549999713897705, 1.156000018119812, 1.1510000228881836, 1.1410000324249268, 1.1299999952316284, 1.1230000257492065]
intensities: [1353.0, 1360.0, 1338.0, 1345.0, 1301.0, 1288.0, 1215.0, 1115.0, 1038.0, 936.0, 798.0, 683.0, 671.0, 0.0, 661.0, 661.0, 849.0, 849.0, 717.0, 673.0, 533.0, 802.0, 996.0, 1151.0, 1279.0, 1284.0, 1291.0, 1286.0, 1284.0, 1265.0, 1268.0, 1256.0, 1253.0, 1257.0, 1256.0, 1254.0, 1244.0, 1255.0, 1251.0, 1250.0, 1246.0, 1249.0, 1248.0, 1250.0, 1243.0, 1243.0, 1243.0, 1233.0, 1204.0, 1190.0, 1067.0, 914.0, 930.0, 995.0, 1117.0, 1355.0, 1577.0, 1545.0, 1545.0, 1529.0, 1472.0, 1094.0, 1023.0, 1004.0, 988.0, 900.0, 869.0, 857.0, 856.0, 856.0, 874.0, 869.0, 878.0, 881.0, 889.0, 888.0, 888.0, 884.0, 886.0, 886.0, 899.0, 874.0, 890.0, 879.0, 864.0, 852.0, 846.0, 786.0, 762.0, 737.0, 707.0, 644.0, 521.0, 456.0, 436.0, 406.0, 0.0, 0.0, 500.0, 548.0, 617.0, 734.0, 832.0, 884.0, 892.0, 901.0, 910.0, 910.0, 910.0, 920.0, 924.0, 931.0, 933.0, 927.0, 914.0, 905.0, 910.0, 905.0, 912.0, 915.0, 899.0, 906.0, 906.0, 912.0, 918.0, 913.0, 911.0, 881.0, 812.0, 562.0, 562.0, 561.0, 576.0, 697.0, 798.0, 827.0, 874.0, 866.0, 877.0, 888.0, 885.0, 882.0, 888.0, 873.0, 880.0, 866.0, 821.0, 650.0, 462.0, 245.0, 578.0, 588.0, 583.0, 582.0, 514.0, 484.0, 196.0, 455.0, 505.0, 516.0, 522.0, 539.0, 545.0, 477.0, 485.0, 485.0, 466.0, 466.0, 466.0, 0.0, 0.0, 0.0, 0.0, 0.0, 730.0, 679.0, 638.0, 602.0, 1347.0, 1321.0, 1373.0, 874.0, 887.0, 892.0, 470.0, 715.0, 881.0, 881.0, 872.0, 812.0, 595.0, 943.0, 947.0, 947.0, 974.0, 990.0, 1001.0, 1005.0, 997.0, 971.0, 977.0, 919.0, 895.0, 922.0, 924.0, 903.0, 882.0, 191.0, 691.0, 947.0, 1063.0, 1168.0, 1235.0, 1186.0, 1056.0, 975.0, 804.0, 182.0, 604.0, 605.0, 604.0, 605.0, 680.0, 735.0, 769.0, 803.0, 1416.0, 1135.0, 991.0, 1023.0, 1032.0, 1042.0, 1061.0, 1057.0, 1068.0, 1093.0, 1138.0, 1166.0, 1182.0, 1202.0, 1215.0, 1235.0, 1248.0, 1247.0, 1260.0, 1269.0, 1262.0, 1284.0, 1245.0, 1195.0, 1207.0, 1328.0, 1304.0, 1318.0, 1230.0, 1229.0, 1233.0, 1247.0, 1277.0, 1314.0, 1319.0, 1297.0, 1287.0, 1249.0, 1249.0, 1277.0, 1304.0, 1330.0, 1342.0, 1351.0, 1355.0, 1362.0, 1362.0, 1381.0, 1381.0, 1383.0, 1385.0, 1388.0, 1375.0, 1368.0, 1369.0, 1358.0, 1346.0, 1321.0, 1296.0, 1250.0, 1139.0, 994.0, 582.0, 317.0, 326.0, 310.0, 307.0, 294.0, 294.0, 292.0, 281.0, 280.0, 283.0, 283.0, 287.0, 284.0, 286.0, 274.0, 274.0, 0.0, 0.0, 0.0, 0.0, 273.0, 237.0, 257.0, 246.0, 256.0, 264.0, 290.0, 319.0, 455.0, 602.0, 679.0, 719.0, 713.0, 699.0, 801.0, 826.0, 769.0, 744.0, 756.0, 815.0, 768.0, 798.0, 818.0, 813.0, 803.0, 770.0, 783.0, 813.0, 809.0, 813.0, 817.0, 808.0, 812.0, 809.0, 788.0, 802.0, 788.0, 800.0, 803.0, 803.0, 789.0, 794.0, 799.0, 768.0, 769.0, 818.0, 801.0, 811.0, 806.0, 801.0, 793.0, 797.0, 782.0, 776.0, 771.0, 732.0, 529.0, 510.0, 658.0, 658.0, 688.0, 705.0, 714.0, 710.0, 747.0, 845.0, 842.0, 763.0, 709.0, 694.0, 679.0, 766.0, 794.0, 812.0, 811.0, 739.0, 712.0, 710.0, 708.0, 695.0, 652.0, 598.0, 580.0, 586.0, 592.0, 563.0, 579.0, 589.0, 633.0, 794.0, 878.0, 573.0, 548.0, 0.0, 0.0, 0.0, 0.0, 0.0, 0.0, 0.0, 543.0, 468.0, 543.0, 0.0, 0.0, 416.0, 418.0, 420.0, 420.0, 0.0, 0.0, 569.0, 569.0, 665.0, 665.0, 727.0, 716.0, 710.0, 697.0, 609.0, 585.0, 0.0, 0.0, 0.0, 0.0, 0.0, 0.0, 0.0, 0.0, 608.0, 608.0, 678.0, 733.0, 745.0, 726.0, 944.0, 1229.0, 917.0, 891.0, 887.0, 886.0, 888.0, 866.0, 866.0, 774.0, 736.0, 703.0, 694.0, 742.0, 805.0, 867.0, 909.0, 886.0, 897.0, 900.0, 906.0, 905.0, 904.0, 895.0, 902.0, 904.0, 899.0, 1118.0, 1144.0, 1071.0, 869.0, 871.0, 906.0, 895.0, 901.0, 919.0, 925.0, 952.0, 966.0, 974.0, 972.0, 991.0, 993.0, 1002.0, 1003.0, 1021.0, 1182.0, 1273.0, 1232.0, 939.0, 937.0, 937.0, 935.0, 932.0, 933.0, 939.0, 934.0, 922.0, 887.0, 740.0, 658.0, 494.0, 332.0, 314.0, 342.0, 697.0, 697.0, 677.0, 786.0, 816.0, 913.0, 950.0, 956.0, 962.0, 957.0, 953.0, 953.0, 956.0, 962.0, 976.0, 973.0, 975.0, 979.0, 978.0, 980.0, 980.0, 988.0, 985.0, 984.0, 980.0, 980.0, 995.0, 1000.0, 1002.0, 1005.0, 1014.0, 1022.0, 1021.0, 1008.0, 1008.0, 1016.0, 1034.0, 1040.0, 1033.0, 1033.0, 969.0, 977.0, 879.0, 888.0, 876.0, 977.0, 1008.0, 1047.0, 1047.0, 1047.0, 1047.0, 1049.0, 1031.0, 1031.0, 996.0, 997.0, 1042.0, 1053.0, 1092.0, 1095.0, 1112.0, 1122.0, 1134.0, 1144.0, 1155.0, 1150.0, 1148.0, 1148.0, 1150.0, 1147.0, 1141.0, 1123.0, 1123.0, 1125.0, 1114.0, 1107.0, 1115.0, 1083.0, 1077.0, 1059.0, 1032.0, 949.0, 861.0, 693.0, 693.0, 774.0, 845.0, 909.0, 929.0, 914.0, 745.0, 947.0, 1079.0, 1140.0, 1201.0, 1210.0, 1241.0, 1245.0, 1250.0, 1275.0, 1282.0, 1289.0, 1305.0, 1301.0, 1310.0, 1337.0, 1352.0, 1364.0, 1364.0, 1368.0, 1376.0, 1378.0, 1388.0, 1381.0, 1401.0, 1391.0, 1390.0, 1393.0, 1389.0, 1382.0, 1377.0, 1375.0, 1373.0, 1347.0, 1345.0, 1318.0, 1317.0, 1308.0, 1297.0, 1293.0, 1276.0, 1193.0, 1189.0, 1114.0, 1114.0, 1105.0, 1103.0, 1279.0, 1286.0, 1395.0, 1454.0, 1454.0, 1462.0, 1469.0, 1469.0, 1471.0, 1474.0, 1476.0, 1485.0, 1466.0, 1466.0, 1456.0, 1452.0, 1464.0, 1469.0, 1474.0, 1477.0, 1467.0, 1470.0, 1462.0, 1462.0, 1477.0, 1493.0, 1503.0, 1494.0, 1503.0, 1503.0, 1486.0, 1482.0, 1478.0, 1470.0, 1469.0, 1484.0, 1470.0, 1485.0, 1484.0, 1487.0, 1483.0, 1487.0, 1490.0, 1487.0, 1494.0, 1494.0, 1494.0, 1496.0, 1501.0, 1501.0, 1503.0, 1498.0, 1502.0, 1498.0, 1498.0, 1490.0, 1490.0, 1481.0, 1479.0, 1468.0, 1468.0, 1469.0, 1485.0, 1485.0, 1489.0, 1491.0, 1496.0, 1490.0, 1489.0, 1489.0, 1500.0, 1503.0, 1509.0, 1510.0, 1516.0, 1510.0, 1505.0, 1504.0, 1499.0, 1501.0, 1501.0, 1500.0, 1481.0, 1464.0, 1455.0, 1457.0, 1458.0, 1462.0, 1462.0, 1462.0, 1468.0, 1465.0, 1472.0, 1480.0, 1479.0, 1466.0, 1449.0, 1432.0, 1390.0, 1377.0, 1370.0, 1370.0, 1386.0, 1382.0, 1366.0, 1346.0, 1318.0, 1333.0, 1355.0, 1363.0, 1392.0, 1425.0, 1447.0, 1460.0, 1467.0, 1470.0, 1478.0, 1483.0, 1489.0, 1487.0, 1486.0, 1491.0, 1488.0, 1462.0, 1397.0, 1361.0, 1393.0, 1402.0, 1429.0, 1429.0, 1426.0, 1406.0, 1397.0, 1379.0, 1334.0, 1268.0, 1166.0, 1007.0, 701.0, 778.0, 745.0, 761.0, 777.0, 762.0, 770.0, 771.0, 764.0, 773.0, 780.0, 783.0, 788.0, 792.0, 791.0, 800.0, 797.0, 804.0, 804.0, 655.0, 531.0, 522.0, 514.0, 378.0, 643.0, 647.0, 661.0, 665.0, 656.0, 671.0, 668.0, 660.0, 659.0, 659.0, 647.0, 0.0, 0.0, 0.0, 0.0, 0.0, 0.0, 0.0, 780.0, 780.0, 789.0, 618.0, 562.0, 677.0, 666.0, 753.0, 701.0, 494.0, 476.0, 476.0, 495.0, 479.0, 580.0, 539.0, 574.0, 622.0, 787.0, 853.0, 852.0, 861.0, 859.0, 861.0, 851.0, 853.0, 851.0, 846.0, 850.0, 856.0, 852.0, 863.0, 858.0, 859.0, 867.0, 858.0, 856.0, 852.0, 798.0, 543.0, 362.0, 928.0, 950.0, 771.0, 675.0, 892.0, 892.0, 989.0, 921.0, 919.0, 916.0, 926.0, 900.0, 903.0, 933.0, 935.0, 906.0, 799.0, 841.0, 933.0, 938.0, 934.0, 945.0, 944.0, 941.0, 937.0, 931.0, 923.0, 923.0, 927.0, 943.0, 943.0, 947.0, 948.0, 944.0, 951.0, 959.0, 965.0, 1190.0, 1251.0, 1329.0, 1320.0, 1332.0, 1292.0, 1305.0, 1252.0, 1206.0, 1153.0, 1119.0, 1078.0, 1043.0, 1015.0, 988.0, 986.0, 975.0, 959.0, 944.0, 935.0, 917.0, 917.0, 901.0, 885.0, 883.0, 889.0, 881.0, 878.0, 886.0, 884.0, 873.0, 873.0, 854.0, 853.0, 858.0, 862.0, 847.0, 849.0, 845.0, 843.0, 843.0, 843.0, 874.0, 897.0, 782.0, 734.0, 807.0, 488.0, 796.0, 859.0, 871.0, 871.0, 860.0, 846.0, 849.0, 856.0, 856.0, 863.0, 867.0, 865.0, 845.0, 868.0, 772.0, 668.0, 620.0, 666.0, 786.0, 858.0, 861.0, 864.0, 863.0, 863.0, 862.0, 882.0, 864.0, 873.0, 859.0, 855.0, 868.0, 861.0, 871.0, 864.0, 864.0, 852.0, 855.0, 862.0, 862.0, 859.0, 859.0, 860.0, 861.0, 882.0, 847.0, 873.0, 843.0, 853.0, 864.0, 858.0, 874.0, 863.0, 855.0, 845.0, 845.0, 844.0, 843.0, 847.0, 847.0, 842.0, 849.0, 838.0, 808.0, 791.0, 751.0, 715.0, 539.0, 523.0, 626.0, 626.0, 637.0, 648.0, 741.0, 813.0, 830.0, 846.0, 828.0, 828.0, 895.0, 1019.0, 1048.0, 1132.0, 1237.0, 1592.0, 1643.0, 1569.0, 1569.0, 1578.0, 1413.0, 1195.0, 1078.0, 1112.0, 1159.0, 1334.0, 1388.0, 1397.0, 1396.0, 1388.0, 1393.0, 1394.0, 1383.0, 1394.0, 1394.0, 1394.0, 1391.0, 1391.0, 1392.0, 1386.0, 1381.0, 1403.0, 1412.0, 1428.0, 1435.0, 1406.0, 1394.0, 1332.0, 1323.0, 1331.0, 1333.0, 1326.0, 1335.0, 1338.0, 1341.0, 1339.0, 1348.0, 1352.0, 1353.0, 1354.0, 1359.0]
---